Book 589
060100008
700040500
000900073
086000090
005204100
030000450
850006000
002080005
600001030
Book 590
003801004
007000912
000070000
005900001
040060070
600005800
000080000
236000100
400702300
Book 591
000600300
003005000
605090018
701000030
056000840
040000109
180070506
000100900
009006000
Book 592
040009000
520080041
106020000
278000000
010000060
000000834
000010706
760030028
000800010
Book 593
000000008
080002094
006080010
070100005
008709100
500008040
010070500
920300070
600000000
Book 594
158000000
400006000
000830045
060080100
000703000
005040020
380065000
000100002
000000869
Book 595
030009060
000050000
200000507
900300800
800020003
001007002
108000005
000040000
060700040
Book 596
020400001
850020400
100867000
005000094
000000000
910000600
000635007
009070025
500002040
Book 601
000720003
080030000
000500024
300000400
540203098
007000002
420007000
000080060
700061000
Book 604
080020070
000400900
702500008
021000007
307000809
800000120
200003401
004009000
070050060
Book 616
230000007
000041200
006030054
000300060
000050000
050007000
870060500
002570000
500000089
Book 619
100520070
000700050
005001600
094006000
080040060
000300410
008600100
020005000
010094008
Book 624
500040900
060000000
348005000
006200008
095080670
700004300
000500829
000000050
007060001
Book 631
000060410
001490800
030000006
008020100
000935000
004010500
100000080
003089600
057040000
Book 634
400500000
810060050
009040000
980300000
720000089
000002061
000010500
070030046
000006002
Book 637
008000600
400001000
632040000
200700038
800503006
960008005
000030819
000200004
004000700
Book 753
800000002
016005000
030000100
100206009
003809200
200504008
008000040
000300870
400000006
Book 764
600005000
001080090
000030120
200001304
009000200
107500009
058010000
010070800
000300007
Book 767
031800005
000040700
800900403
020005000
008010500
000400060
603001004
007090000
500008370
Book 768
203095801
080000009
004000000
009801005
002000700
800507100
000000900
300000020
501230607
Book 829
900106000
207005000
000300600
100000509
492000736
703000001
008004000
000600302
000903008
Book 830
030000000
010200850
000000293
500706900
600508007
003401005
387000000
059002060
000000080
Book 831
000008007
000510203
000000049
060001052
007020600
820300090
910000000
605094000
400100000
Book 832
080010000
002089000
519400000
600003020
700208006
090700005
000005867
000670300
000030040
Book 833
700820000
000300400
138400006
000000805
080010090
203000000
600004718
007002000
000069004
Book 834
370040000
069057034
000830000
903000500
000000000
001000208
000076000
630520710
000010065
Book 835
000100080
000000006
623500000
702000800
048000360
005000201
000008149
200000000
070004000
Book 836
060800000
030000800
900016004
300041900
090020040
007650008
500160009
003000020
000007050
Book 837
005400060
100036000
000000035
074003800
000905000
001600370
810000000
000160008
060009200
Book 838
000090250
000800069
000200804
000700046
002000100
710008000
308002000
240003000
069050000
Book 839
105002080
030170000
702090000
800500004
070000060
500001009
000050603
000019040
090800105
Book 840
000609000
012000037
000020500
465000000
070000060
000000294
003090000
190000380
000104000
Book 895
430000560
060053840
000000000
006020481
000501000
178040200
000000000
054610090
013000054
Book 896
100003007
060007090
009000402
051038000
000020000
000410820
608000200
030100050
900800001
Book 897
000108000
920006700
008030506
407000000
350000091
000000405
804050300
006300047
000407000
Book 898
020004600
360008009
000000507
006070900
100502006
003090400
604000000
800400065
001200030
Book 899
004006500
000002086
800700920
000000094
000384000
140000000
065001009
380400000
009500700
Book 900
600203004
043000000
500000900
400002070
060809020
010300006
007000002
000000740
900507003
Book 901
210030060
000090043
000600002
080420600
000903000
007065030
500009000
390010000
060050014
Book 902
009004001
010000900
503100040
050790400
092000160
007021090
030005604
005000080
600900700
Book 903
700600050
000000390
016000080
800510000
040706010
000094003
060000240
035000000
070008009
Book 904
200003080
000102090
300580100
009000057
100309006
540000900
002065001
010208000
050700008
Book 905
080500007
037000061
000010400
000700204
010403080
208005000
009070000
120000730
800004090
Book 906
000000690
005004007
400700000
020008036
007020800
560100020
000005003
700400100
093000000
Book 907
050000000
403086000
600405930
800007100
560000078
007100004
085203001
000560703
000000050
Book 908
009000000
007003060
000402003
100009604
073000890
406300002
300207000
050100300
000000500
Book 909
000002090
080109000
021000670
000970500
700000008
008051000
043000920
000804050
090200000
Book 910
008100043
005800001
730005000
000070900
000658000
006010000
000400059
500001800
180002300
Book 911
000200040
050600809
207000601
900800105
000010000
602005004
501000306
709003010
030002000
Book 912
000054390
000009402
090800050
040501000
600000001
000207080
010005070
704900000
039720000
Book 913
009000108
006001030
000603000
020000817
000010000
461000050
000908000
050700600
608000200
Book 914
806000700
209004108
040005000
000001000
030987040
000300000
000700080
905100402
008000506
Book 915
045700000
001004260
020809000
392000000
007000100
000000972
000503010
054200800
000006720
Book 916
020000009
050040006
090603800
500980700
000000000
003064002
005407030
900030080
100000060
Book 917
104009000
050103200
000705610
000000730
000000000
027000000
036502000
001308090
000900302
Book 918
806000030
050010600
010083200
000300870
000020000
025009000
004260050
008030020
030000104
Book 919
200309000
080070003
400000600
005004001
002107900
100500300
007000006
300060050
000403008
Book 920
500009020
400070000
930000600
095360000
100020006
000057380
004000068
000010002
020500004
Book 921
800310000
710920000
000006000
180000700
507090602
004000091
000600000
000031028
000052004
Book 922
900040000
700003080
004100605
090304700
000000000
008601020
109006200
020800003
000090008
Book 923
000570400
040008009
007001030
020100000
410239056
000005010
060800300
100600040
004013000
Book 924
000078354
004000060
000600000
000090630
030801040
078060000
000002000
020000700
846510000
Book 925
030125000
710000000
004700010
002900705
000302000
901007400
080009100
000000062
000516040
Book 926
720380000
006000700
000070340
000008490
003040500
097100000
052010000
009000600
000027051
Book 927
000000001
670003005
052064000
200000610
060407030
093000002
000840250
900200076
800000000
Book 928
080500020
006200000
700000406
070020080
658090273
020030010
405000002
000002500
030001060
Book 929
000703002
000008100
004060730
056000001
300000008
400000590
045070900
001400000
200901000
Book 930
805200000
030009200
004030065
900010000
040608020
000020006
720050400
008400010
000002607
Book 931
000500004
917000000
000300270
006030000
340902068
000070900
084003000
000000182
500001000
Book 932
010060000
400230800
060705400
041000003
300000009
800000540
004608030
006072008
000050020
Book 933
070050000
000003608
850000004
600490030
009000500
030028006
700000085
502900000
000010090
Book 934
000010000
028700006
000000075
506400102
009000700
107008504
810000000
300005840
000020000
Book 935
100920000
000000300
703060000
000002580
200801009
049300000
000030602
005000000
000014007
Book 936
600900800
030000400
100500062
000740010
001000200
050016000
260007004
009000020
005003008
Book 937
000300070
000700206
230001005
006080000
502000703
000030400
800100052
403006000
010003000
Book 938
002040000
900050042
000100670
000200005
007405100
400008000
035002000
740090006
000080300
Book 939
030009000
102300580
005000000
200900070
004867200
070003005
000000600
047006809
000700030
Book 940
300001205
620000000
050080100
000602800
060090030
003708000
006010020
000000084
704500009
Book 941
906500000
003090020
001046000
000900100
200000005
007003000
000480200
010050900
000009307
Book 942
092000005
050004260
040002901
601980000
000000000
000013706
503100020
019200070
200000610
Book 943
000210006
009060004
000905700
030000107
002106800
701000040
007402000
800050900
600098000
Book 944
725010000
090006000
600050030
800500003
200107008
900002007
080020005
000800020
000070386
Book 945
070008200
000410003
160030000
600000001
091020830
300000005
000050076
700049000
005200090
Book 946
005900104
030000095
040006300
010600008
000020000
600005030
007400010
820000070
304007500
Book 947
200000900
060003017
030900200
300070000
402060105
000010002
003008040
980700020
004000001
Book 948
400900708
000207000
080050060
540000870
000070000
096000052
070010090
000306000
903005006
Book 949
070010000
002006059
900500001
020048000
007000200
000690070
700001005
160300400
000050060
Book 950
071600009
009200300
500930070
230000000
000000000
000000086
040018007
006002400
700006910
Book 951
350800400
000003901
907005000
000080560
000907000
015020000
000500608
809400000
002008094
Book 952
700050100
000000200
031007090
800023005
050060020
200780009
090600740
002000000
004030002
Book 953
100004003
047000000
000208070
006100020
305000104
010002300
050907000
000000590
800300006
Book 954
005000040
000402000
402091000
580200600
100000007
007005081
000720908
000506000
030000500
Book 955
570006800
000001300
000520100
050070008
400000007
200060010
004019000
005200000
002600094
Book 956
004020100
007001430
010008000
070000840
001504700
082000060
000200050
058900200
006040300
Book 957
003407090
000029100
004000320
000700080
080102030
060003000
031000900
005290000
020501400
Book 958
002001900
070090080
300407000
006050028
800000005
910020600
000206009
050070030
009800200
Book 959
560100002
103000000
800300050
000610800
001000900
004083000
010007008
000000203
300005097
Book 960
800040000
030576000
600100500
010020070
002907100
050010080
001004008
000861050
000050004
Book 961
900000060
075006000
600003020
700904150
000020000
053701009
010300005
000400970
020000003
Book 962
000000310
670000520
000240007
006482000
005000600
000569400
100057000
097000035
034000000
Book 963
009020005
072008000
100040300
300400001
015070290
200001003
003010009
000200150
900080400
Book 964
890040600
000007040
003800120
000004910
000050000
058700000
031008200
020900000
007020091
Book 965
400300720
000800090
010400005
200080003
007000600
100070002
800002050
060008000
023005001
Book 966
000300902
310000750
000007000
900020580
701090406
025040009
000100000
072000045
806002000
Book 967
050000000
004210500
069007200
003870000
470000029
000029300
006100930
007098100
000000060
Book 968
000070230
000053800
080000095
008560002
900000001
500042300
620000050
009210000
075080000
Book 969
040700005
020400000
701002009
000050096
004090800
690070000
500900701
000007060
100003040
Book 970
900020100
020500009
064009020
613000000
002103500
000000314
080300250
100008040
005040001
Book 971
350002000
900860030
007000000
090005280
400010007
026700050
000000800
070023004
000900075
Book 972
000029000
030000700
000087061
006008000
501040908
000900400
950760000
004000090
000190000
Book 973
400009000
000035209
000020047
006053008
850000093
300980500
710090000
503260000
000500001
Book 974
007000008
000048000
013700040
004007350
000904000
086300900
070005290
000620000
500000400
Book 975
000004800
083002000
000087095
000000510
170090036
039000000
490270000
000100450
007800000
Book 976
040016700
000000008
790000400
002069000
600080005
000270300
003000017
800000000
007920030
Book 977
007100060
004000028
630002000
000090400
061000980
008010000
000400012
080000600
090003800
Book 978
000000000
400906002
000070950
080003290
310090065
096700030
048010000
600208003
000000000
Book 979
600000102
000800409
000471030
030090020
000108000
010020040
040589000
301007000
509000004
Book 980
400000980
090008000
680009071
107006000
000103000
000900403
810500049
000800050
059000002
Book 981
708010000
020008040
950027600
007000005
000703000
100000900
002870093
080100020
000030501
Book 982
060070090
700004100
510900030
000400502
006050300
205006000
020003041
001200003
040080020
Book 983
000809001
007400500
014053007
029080000
000000000
000030970
900710380
001004200
600508000
Book 984
000050000
180072009
007000060
300004006
920000071
800100003
060000700
700810032
000020000
Book 985
042000010
800620300
000008005
008290400
060000050
004035800
900700000
003069007
070000580
Book 986
070002085
000380060
008000034
000003600
000205000
002900000
160000300
050026000
720800050
Book 987
000000010
081509060
900000200
200080050
300040006
070090002
006000008
040302170
030000000
Book 988
200605070
000001902
007004000
940000080
001000400
070000035
000500800
609100000
030708006
Book 989
029000000
010030040
803600190
240800000
005000700
000007023
072006904
030040070
000000250
Book 990
008090010
000802009
904000000
103007080
000060000
080900307
000000405
500406000
090050100
Book 991
006070009
003405000
002100004
700000520
000080000
031000007
900006400
000709100
200040600
Book 992
900002050
023100007
001950000
000300100
100000006
007009000
000031500
700004630
060800002
Book 993
009007420
100004007
000000805
960002100
300080002
002700064
201000000
700100003
095400200
Book 994
800490063
000302004
000070000
005900130
300000009
018007200
000050000
600703000
740029001
Book 995
500000900
000013002
060020041
050708600
000000000
009102080
420030070
600270000
008000006
Book 996
007400200
009060004
400000069
041080000
500000008
000020170
810000006
900030800
004005900
Book 997
060020007
500010030
073008090
000700803
001080400
309002000
010200970
030070005
900050080
Book 998
510002600
000050180
200900000
950020000
000107000
000040013
000001007
079060000
002300058
Book 999
009000007
010007603
700400020
000072064
000000000
260530000
040001008
307900050
600000300
Book 1000
300082010
540000800
000600007
001000306
020806090
603000700
800004000
009000075
060710003
Book 1001
000003019
050046000
003001000
800000720
005000900
047000003
000100400
000760050
380500000
Book 1002
001000250
000407000
800000009
020001300
003706500
009500060
700000005
000309000
068000900
Book 1003
600501200
008006001
004000000
070002030
300908004
040100060
000000500
100600900
003205008
Book 1004
045080000
700100000
000000957
000608090
108030702
030701000
386000000
000004009
000010530
Book 1005
008300010
730065000
250000000
507000208
080000030
403000106
000000057
000580094
070004800
Book 1006
020048000
905060000
600001000
067400803
002000500
308005260
000500006
000080107
000610030
Book 1007
809520600
005000000
020967000
003000185
000000000
456000900
000193060
000000400
008076203
Book 1008
000006000
050080041
401009000
014090002
020000070
500030410
000900204
730010060
000600000
Book 1009
010024000
040090102
900000060
050000001
070815020
600000080
020000003
307080010
000370040
Book 1010
902000800
000027000
610800090
000000980
300000006
027000000
090003058
000610000
004000703
Book 1011
800000075
070009300
030000200
400301060
000000000
050408001
009000020
001700040
320000009
Book 1012
000200304
009007600
080000000
000080093
200060007
570040000
000000010
005900400
304005000
Codestreet example
400006000
060000009
000000000
002000000
000000000
003060020
100000900
800005000
000000005
